(kicad_pcb (version 20171130) (host pcbnew "(5.1.5)-3")

  (general
    (thickness 1.6)
    (drawings 44)
    (tracks 1372)
    (zones 0)
    (modules 104)
    (nets 119)
  )

  (page A4)
  (layers
    (0 F.Cu signal)
    (31 B.Cu signal)
    (32 B.Adhes user)
    (33 F.Adhes user)
    (34 B.Paste user)
    (35 F.Paste user)
    (36 B.SilkS user)
    (37 F.SilkS user)
    (38 B.Mask user)
    (39 F.Mask user)
    (40 Dwgs.User user)
    (41 Cmts.User user)
    (42 Eco1.User user)
    (43 Eco2.User user)
    (44 Edge.Cuts user)
    (45 Margin user)
    (46 B.CrtYd user)
    (47 F.CrtYd user)
    (48 B.Fab user)
    (49 F.Fab user)
  )

  (setup
    (last_trace_width 0.2)
    (trace_clearance 0.2)
    (zone_clearance 0.508)
    (zone_45_only no)
    (trace_min 0.2)
    (via_size 0.6)
    (via_drill 0.4)
    (via_min_size 0.4)
    (via_min_drill 0.3)
    (uvia_size 0.3)
    (uvia_drill 0.1)
    (uvias_allowed no)
    (uvia_min_size 0.2)
    (uvia_min_drill 0.1)
    (edge_width 0.05)
    (segment_width 0.2)
    (pcb_text_width 0.3)
    (pcb_text_size 1.5 1.5)
    (mod_edge_width 0.12)
    (mod_text_size 1 1)
    (mod_text_width 0.15)
    (pad_size 0.55 0.8)
    (pad_drill 0.4)
    (pad_to_mask_clearance 0.051)
    (solder_mask_min_width 0.25)
    (aux_axis_origin 100 150)
    (visible_elements 7FFFFFFF)
    (pcbplotparams
      (layerselection 0x010fc_ffffffff)
      (usegerberextensions false)
      (usegerberattributes false)
      (usegerberadvancedattributes false)
      (creategerberjobfile false)
      (excludeedgelayer true)
      (linewidth 0.100000)
      (plotframeref false)
      (viasonmask false)
      (mode 1)
      (useauxorigin false)
      (hpglpennumber 1)
      (hpglpenspeed 20)
      (hpglpendiameter 15.000000)
      (psnegative false)
      (psa4output false)
      (plotreference true)
      (plotvalue true)
      (plotinvisibletext false)
      (padsonsilk false)
      (subtractmaskfromsilk false)
      (outputformat 1)
      (mirror false)
      (drillshape 0)
      (scaleselection 1)
      (outputdirectory "EASYPB_V11"))
  )

  (net 0 "")
  (net 1 GND)
  (net 2 "Net-(C12-Pad1)")
  (net 3 "Net-(C13-Pad2)")
  (net 4 VCC)
  (net 5 "Net-(C20-Pad1)")
  (net 6 /EPN)
  (net 7 /LEM)
  (net 8 "Net-(D10-Pad2)")
  (net 9 /VUA)
  (net 10 /VUB)
  (net 11 "Net-(D22-Pad2)")
  (net 12 /LE0)
  (net 13 /LE1)
  (net 14 "Net-(D23-Pad2)")
  (net 15 "Net-(D30-Pad2)")
  (net 16 /LE2)
  (net 17 /LE4)
  (net 18 "Net-(D40-Pad2)")
  (net 19 /LE3)
  (net 20 "Net-(D50-Pad2)")
  (net 21 /TLL)
  (net 22 "Net-(D51-Pad1)")
  (net 23 "Net-(D52-Pad1)")
  (net 24 /SWD)
  (net 25 /SWC)
  (net 26 /RST)
  (net 27 /D1-)
  (net 28 /D1+)
  (net 29 "Net-(J20-PadB5)")
  (net 30 "Net-(J20-PadA5)")
  (net 31 "Net-(J21-PadA5)")
  (net 32 /D2+)
  (net 33 /D2-)
  (net 34 "Net-(J21-PadB5)")
  (net 35 /B1)
  (net 36 /A1)
  (net 37 /EPO)
  (net 38 /EPI)
  (net 39 /B2)
  (net 40 /A2)
  (net 41 /A3)
  (net 42 /B3)
  (net 43 "Net-(Q30-Pad3)")
  (net 44 "Net-(Q30-Pad1)")
  (net 45 "Net-(Q40-Pad1)")
  (net 46 "Net-(R30-Pad1)")
  (net 47 "Net-(R31-Pad1)")
  (net 48 /TEN)
  (net 49 /LTX0)
  (net 50 "Net-(R40-Pad2)")
  (net 51 "Net-(R42-Pad2)")
  (net 52 /EPF)
  (net 53 "Net-(R48-Pad1)")
  (net 54 "Net-(R50-Pad2)")
  (net 55 "Net-(R51-Pad2)")
  (net 56 "Net-(R52-Pad1)")
  (net 57 "Net-(R53-Pad1)")
  (net 58 /MOSI)
  (net 59 /MISO)
  (net 60 /SCLK)
  (net 61 /CS0)
  (net 62 /CS1)
  (net 63 /CS2)
  (net 64 /CS3)
  (net 65 /CS)
  (net 66 /RX0)
  (net 67 /TX0)
  (net 68 "Net-(U10-Pad40)")
  (net 69 "Net-(U10-Pad39)")
  (net 70 "Net-(U10-Pad29)")
  (net 71 /CFT)
  (net 72 /LRX0)
  (net 73 "Net-(U10-Pad22)")
  (net 74 "Net-(U10-Pad19)")
  (net 75 /RX1)
  (net 76 /TX1)
  (net 77 /LRX1)
  (net 78 /LTX1)
  (net 79 "Net-(U10-Pad10)")
  (net 80 "Net-(U10-Pad8)")
  (net 81 "Net-(U10-Pad4)")
  (net 82 "Net-(U10-Pad3)")
  (net 83 "Net-(U21-Pad4)")
  (net 84 "Net-(U21-Pad5)")
  (net 85 "Net-(U21-Pad6)")
  (net 86 "Net-(U22-Pad6)")
  (net 87 "Net-(U22-Pad5)")
  (net 88 "Net-(U22-Pad4)")
  (net 89 "Net-(U40-Pad4)")
  (net 90 "Net-(U50-Pad1)")
  (net 91 "Net-(U51-Pad4)")
  (net 92 "Net-(U60-Pad3)")
  (net 93 "Net-(U60-Pad7)")
  (net 94 "Net-(U61-Pad7)")
  (net 95 "Net-(U61-Pad3)")
  (net 96 "Net-(U62-Pad7)")
  (net 97 "Net-(U62-Pad3)")
  (net 98 "Net-(U63-Pad3)")
  (net 99 "Net-(U63-Pad7)")
  (net 100 "Net-(U10-Pad27)")
  (net 101 "Net-(U10-Pad23)")
  (net 102 "Net-(U10-Pad26)")
  (net 103 "Net-(U10-Pad25)")
  (net 104 "Net-(U10-Pad24)")
  (net 105 "Net-(U10-Pad11)")
  (net 106 "Net-(U10-Pad43)")
  (net 107 "Net-(U10-Pad18)")
  (net 108 "Net-(U10-Pad45)")
  (net 109 "Net-(U10-Pad44)")
  (net 110 "Net-(U10-Pad42)")
  (net 111 "Net-(U10-Pad41)")
  (net 112 "Net-(U10-Pad34)")
  (net 113 /VUC)
  (net 114 "Net-(D41-Pad2)")
  (net 115 /BOOT)
  (net 116 "Net-(J40-Pad3)")
  (net 117 /Y_N)
  (net 118 /Y_P)

  (net_class Default "This is the default net class."
    (clearance 0.2)
    (trace_width 0.2)
    (via_dia 0.6)
    (via_drill 0.4)
    (uvia_dia 0.3)
    (uvia_drill 0.1)
    (add_net /A1)
    (add_net /A2)
    (add_net /A3)
    (add_net /B1)
    (add_net /B2)
    (add_net /B3)
    (add_net /BOOT)
    (add_net /CFT)
    (add_net /CS)
    (add_net /CS0)
    (add_net /CS1)
    (add_net /CS2)
    (add_net /CS3)
    (add_net /D1+)
    (add_net /D1-)
    (add_net /D2+)
    (add_net /D2-)
    (add_net /EPF)
    (add_net /EPI)
    (add_net /EPN)
    (add_net /EPO)
    (add_net /LE0)
    (add_net /LE1)
    (add_net /LE2)
    (add_net /LE3)
    (add_net /LE4)
    (add_net /LEM)
    (add_net /LRX0)
    (add_net /LRX1)
    (add_net /LTX0)
    (add_net /LTX1)
    (add_net /MISO)
    (add_net /MOSI)
    (add_net /RST)
    (add_net /RX0)
    (add_net /RX1)
    (add_net /SCLK)
    (add_net /SWC)
    (add_net /SWD)
    (add_net /TEN)
    (add_net /TLL)
    (add_net /TX0)
    (add_net /TX1)
    (add_net /VUA)
    (add_net /VUB)
    (add_net /VUC)
    (add_net /Y_N)
    (add_net /Y_P)
    (add_net GND)
    (add_net "Net-(C12-Pad1)")
    (add_net "Net-(C13-Pad2)")
    (add_net "Net-(C20-Pad1)")
    (add_net "Net-(D10-Pad2)")
    (add_net "Net-(D22-Pad2)")
    (add_net "Net-(D23-Pad2)")
    (add_net "Net-(D30-Pad2)")
    (add_net "Net-(D40-Pad2)")
    (add_net "Net-(D41-Pad2)")
    (add_net "Net-(D50-Pad2)")
    (add_net "Net-(D51-Pad1)")
    (add_net "Net-(D52-Pad1)")
    (add_net "Net-(J20-PadA5)")
    (add_net "Net-(J20-PadB5)")
    (add_net "Net-(J21-PadA5)")
    (add_net "Net-(J21-PadB5)")
    (add_net "Net-(J40-Pad3)")
    (add_net "Net-(Q30-Pad1)")
    (add_net "Net-(Q30-Pad3)")
    (add_net "Net-(Q40-Pad1)")
    (add_net "Net-(R30-Pad1)")
    (add_net "Net-(R31-Pad1)")
    (add_net "Net-(R40-Pad2)")
    (add_net "Net-(R42-Pad2)")
    (add_net "Net-(R48-Pad1)")
    (add_net "Net-(R50-Pad2)")
    (add_net "Net-(R51-Pad2)")
    (add_net "Net-(R52-Pad1)")
    (add_net "Net-(R53-Pad1)")
    (add_net "Net-(U10-Pad10)")
    (add_net "Net-(U10-Pad11)")
    (add_net "Net-(U10-Pad18)")
    (add_net "Net-(U10-Pad19)")
    (add_net "Net-(U10-Pad22)")
    (add_net "Net-(U10-Pad23)")
    (add_net "Net-(U10-Pad24)")
    (add_net "Net-(U10-Pad25)")
    (add_net "Net-(U10-Pad26)")
    (add_net "Net-(U10-Pad27)")
    (add_net "Net-(U10-Pad29)")
    (add_net "Net-(U10-Pad3)")
    (add_net "Net-(U10-Pad34)")
    (add_net "Net-(U10-Pad39)")
    (add_net "Net-(U10-Pad4)")
    (add_net "Net-(U10-Pad40)")
    (add_net "Net-(U10-Pad41)")
    (add_net "Net-(U10-Pad42)")
    (add_net "Net-(U10-Pad43)")
    (add_net "Net-(U10-Pad44)")
    (add_net "Net-(U10-Pad45)")
    (add_net "Net-(U10-Pad8)")
    (add_net "Net-(U21-Pad4)")
    (add_net "Net-(U21-Pad5)")
    (add_net "Net-(U21-Pad6)")
    (add_net "Net-(U22-Pad4)")
    (add_net "Net-(U22-Pad5)")
    (add_net "Net-(U22-Pad6)")
    (add_net "Net-(U40-Pad4)")
    (add_net "Net-(U50-Pad1)")
    (add_net "Net-(U51-Pad4)")
    (add_net "Net-(U60-Pad3)")
    (add_net "Net-(U60-Pad7)")
    (add_net "Net-(U61-Pad3)")
    (add_net "Net-(U61-Pad7)")
    (add_net "Net-(U62-Pad3)")
    (add_net "Net-(U62-Pad7)")
    (add_net "Net-(U63-Pad3)")
    (add_net "Net-(U63-Pad7)")
    (add_net VCC)
  )

  (module kicad_footprint_general:LED_4014 (layer F.Cu) (tedit 634A8B98) (tstamp 634AE442)
    (at 185.475 91.6 90)
    (descr "LED SMD side), generated with kicad-footprint-generator")
    (tags diode)
    (path /63582CAD)
    (attr smd)
    (fp_text reference D41 (at -2.925 0.1 180) (layer F.SilkS)
      (effects (font (size 0.5 0.5) (thickness 0.08)))
    )
    (fp_text value RED (at -0.15 -0.3 90) (layer F.Fab) hide
      (effects (font (size 0.2 0.2) (thickness 0.02)))
    )
    (fp_line (start 2.08 -0.77) (end -1.84 -0.77) (layer F.Fab) (width 0.1))
    (fp_line (start -1.84 -0.77) (end -2.15 -0.46) (layer F.Fab) (width 0.1))
    (fp_line (start -2.15 -0.46) (end -2.15 0.78) (layer F.Fab) (width 0.1))
    (fp_line (start -2.15 0.78) (end 2.08 0.78) (layer F.Fab) (width 0.1))
    (fp_line (start 2.08 0.78) (end 2.08 -0.77) (layer F.Fab) (width 0.1))
    (fp_line (start 1.585 -0.9) (end -2.3 -0.9) (layer F.SilkS) (width 0.12))
    (fp_line (start -2.3 -0.9) (end -2.3 0.9) (layer F.SilkS) (width 0.12))
    (fp_line (start -2.3 0.9) (end 1.585 0.9) (layer F.SilkS) (width 0.12))
    (fp_line (start -2.22 0.82) (end -2.22 -0.81) (layer F.CrtYd) (width 0.05))
    (fp_line (start -2.22 -0.81) (end 2.24 -0.81) (layer F.CrtYd) (width 0.05))
    (fp_line (start 2.24 -0.81) (end 2.24 0.82) (layer F.CrtYd) (width 0.05))
    (fp_line (start 2.24 0.82) (end -2.25 0.82) (layer F.CrtYd) (width 0.05))
    (fp_text user %R (at 0 0 90) (layer F.Fab) hide
      (effects (font (size 0.2 0.2) (thickness 0.02)))
    )
    (pad 1 smd roundrect (at -1.5 -0.25 90) (size 1.4 1) (layers F.Cu F.Paste F.Mask) (roundrect_rratio 0.2)
      (net 37 /EPO))
    (pad 2 smd roundrect (at 1.5 -0.25 90) (size 1.4 1) (layers F.Cu F.Paste F.Mask) (roundrect_rratio 0.2)
      (net 114 "Net-(D41-Pad2)"))
    (model ${KISYS3DMOD}/LED_SMD.3dshapes/LED_1210_3225Metric.wrl
      (at (xyz 0 0 0))
      (scale (xyz 1 1 1))
      (rotate (xyz 0 0 0))
    )
  )

  (module kicad_footprint_general:USB_C_Receptacle_14Pin (layer F.Cu) (tedit 6349153A) (tstamp 6321B449)
    (at 103.93 110.29 90)
    (descr "USB TYPE C, VERT RCPT PCB, SMT, http://www.jae.com/z-en/pdf_download_exec.cfm?param=SJ117928.pdf")
    (tags "USB C Type-C Receptacle SMD")
    (path /635CC598)
    (attr smd)
    (fp_text reference J21 (at 5.25 -1.1 180) (layer F.SilkS)
      (effects (font (size 0.5 0.5) (thickness 0.08)))
    )
    (fp_text value CMD (at 1.73 0.01 90) (layer F.Fab)
      (effects (font (size 0.2 0.2) (thickness 0.02)))
    )
    (fp_text user %R (at -2.33 0.01 90) (layer F.Fab)
      (effects (font (size 0.2 0.2) (thickness 0.02)))
    )
    (fp_line (start -4.7 1.8) (end -4.7 -1.8) (layer F.CrtYd) (width 0.05))
    (fp_line (start 4.7 1.8) (end -4.7 1.8) (layer F.CrtYd) (width 0.05))
    (fp_line (start 4.7 -1.8) (end 4.7 1.8) (layer F.CrtYd) (width 0.05))
    (fp_line (start -4.7 -1.8) (end 4.7 -1.8) (layer F.CrtYd) (width 0.05))
    (fp_line (start 4.15 1.45) (end 4.15 -1.45) (layer F.Fab) (width 0.1))
    (fp_line (start -4.15 1.45) (end 4.15 1.45) (layer F.Fab) (width 0.1))
    (fp_line (start -4.5 -1.6) (end -4.5 1.6) (layer F.SilkS) (width 0.12))
    (fp_line (start -4.5 -1.6) (end -3.2 -1.6) (layer F.SilkS) (width 0.12))
    (fp_line (start -4.15 1.45) (end -4.15 -1.45) (layer F.Fab) (width 0.1))
    (fp_line (start -4.5 1.6) (end -3.3 1.6) (layer F.SilkS) (width 0.12))
    (fp_line (start 4.5 -1.6) (end 4.5 1.6) (layer F.SilkS) (width 0.12))
    (fp_line (start 3.3 -1.6) (end 4.5 -1.6) (layer F.SilkS) (width 0.12))
    (fp_line (start 3.3 1.6) (end 4.5 1.6) (layer F.SilkS) (width 0.12))
    (fp_circle (center -3.5 -2.5) (end -3.388197 -2.5) (layer F.SilkS) (width 0.15))
    (fp_line (start 4.15 -1.45) (end -4.15 -1.45) (layer F.Fab) (width 0.1))
    (pad S1 thru_hole oval (at -2 -1.92 180) (size 1.2 2.1) (drill oval 0.5 1.6 (offset 0.18 0)) (layers *.Cu *.Mask)
      (net 1 GND))
    (pad A1 thru_hole oval (at -3.25 -0.7 90) (size 0.6 0.8) (drill 0.4) (layers *.Cu *.Mask)
      (net 1 GND))
    (pad A4 thru_hole oval (at -2.3 -0.7 90) (size 0.6 0.8) (drill 0.4) (layers *.Cu *.Mask)
      (net 10 /VUB))
    (pad A5 thru_hole oval (at -1.38 -0.7 90) (size 0.6 0.8) (drill 0.4) (layers *.Cu *.Mask)
      (net 31 "Net-(J21-PadA5)"))
    (pad A6 thru_hole oval (at -0.46 -0.7 90) (size 0.6 0.8) (drill 0.4) (layers *.Cu *.Mask)
      (net 32 /D2+))
    (pad A7 thru_hole oval (at 0.46 -0.7 90) (size 0.6 0.8) (drill 0.4) (layers *.Cu *.Mask)
      (net 33 /D2-))
    (pad A12 thru_hole oval (at 3.25 -0.7 90) (size 0.6 0.8) (drill 0.4) (layers *.Cu *.Mask)
      (net 1 GND))
    (pad A9 thru_hole oval (at 2.28 -0.7 90) (size 0.6 0.8) (drill 0.4) (layers *.Cu *.Mask)
      (net 10 /VUB))
    (pad B1 thru_hole oval (at 3.25 0.7 90) (size 0.6 0.8) (drill 0.4) (layers *.Cu *.Mask)
      (net 1 GND))
    (pad B4 thru_hole oval (at 2.3 0.7 90) (size 0.6 0.8) (drill 0.4) (layers *.Cu *.Mask)
      (net 10 /VUB))
    (pad B5 thru_hole oval (at 1.38 0.7 90) (size 0.6 0.8) (drill 0.4) (layers *.Cu *.Mask)
      (net 34 "Net-(J21-PadB5)"))
    (pad B6 thru_hole oval (at 0.46 0.7 90) (size 0.6 0.8) (drill 0.4) (layers *.Cu *.Mask)
      (net 32 /D2+))
    (pad B7 thru_hole oval (at -0.46 0.7 90) (size 0.6 0.8) (drill 0.4) (layers *.Cu *.Mask)
      (net 33 /D2-))
    (pad B9 thru_hole oval (at -2.3 0.7 90) (size 0.6 0.8) (drill 0.4) (layers *.Cu *.Mask)
      (net 10 /VUB))
    (pad B12 thru_hole oval (at -3.25 0.7 90) (size 0.6 0.8) (drill 0.4) (layers *.Cu *.Mask)
      (net 1 GND))
    (pad S4 thru_hole oval (at -2 1.92 180) (size 1.2 2.1) (drill oval 0.5 1.6 (offset -0.18 0)) (layers *.Cu *.Mask)
      (net 1 GND))
    (pad S2 thru_hole oval (at 2 -1.92 180) (size 1.2 2.1) (drill oval 0.5 1.6 (offset 0.18 0)) (layers *.Cu *.Mask)
      (net 1 GND))
    (pad S3 thru_hole oval (at 2 1.92 180) (size 1.2 2.1) (drill oval 0.5 1.6 (offset -0.18 0)) (layers *.Cu *.Mask)
      (net 1 GND))
    (model ${KISYS3DMOD}/Connector_USB.3dshapes/USB_C_Receptacle_JAE_DX07S024WJ3R400.wrl
      (at (xyz 0 0 0))
      (scale (xyz 1 1 1))
      (rotate (xyz 0 0 0))
    )
  )

  (module kicad_footprint_general:USB_C_Receptacle_14Pin (layer F.Cu) (tedit 6349153A) (tstamp 6321B423)
    (at 103.97 96.45 90)
    (descr "USB TYPE C, VERT RCPT PCB, SMT, http://www.jae.com/z-en/pdf_download_exec.cfm?param=SJ117928.pdf")
    (tags "USB C Type-C Receptacle SMD")
    (path /631FF647)
    (attr smd)
    (fp_text reference J20 (at 5.31 -1.25) (layer F.SilkS)
      (effects (font (size 0.5 0.5) (thickness 0.08)))
    )
    (fp_text value RLTC (at 1.73 0.01 90) (layer F.Fab)
      (effects (font (size 0.2 0.2) (thickness 0.02)))
    )
    (fp_text user %R (at -2.33 0.01 90) (layer F.Fab)
      (effects (font (size 0.2 0.2) (thickness 0.02)))
    )
    (fp_line (start -4.7 1.8) (end -4.7 -1.8) (layer F.CrtYd) (width 0.05))
    (fp_line (start 4.7 1.8) (end -4.7 1.8) (layer F.CrtYd) (width 0.05))
    (fp_line (start 4.7 -1.8) (end 4.7 1.8) (layer F.CrtYd) (width 0.05))
    (fp_line (start -4.7 -1.8) (end 4.7 -1.8) (layer F.CrtYd) (width 0.05))
    (fp_line (start 4.15 1.45) (end 4.15 -1.45) (layer F.Fab) (width 0.1))
    (fp_line (start -4.15 1.45) (end 4.15 1.45) (layer F.Fab) (width 0.1))
    (fp_line (start -4.5 -1.6) (end -4.5 1.6) (layer F.SilkS) (width 0.12))
    (fp_line (start -4.5 -1.6) (end -3.2 -1.6) (layer F.SilkS) (width 0.12))
    (fp_line (start -4.15 1.45) (end -4.15 -1.45) (layer F.Fab) (width 0.1))
    (fp_line (start -4.5 1.6) (end -3.3 1.6) (layer F.SilkS) (width 0.12))
    (fp_line (start 4.5 -1.6) (end 4.5 1.6) (layer F.SilkS) (width 0.12))
    (fp_line (start 3.3 -1.6) (end 4.5 -1.6) (layer F.SilkS) (width 0.12))
    (fp_line (start 3.3 1.6) (end 4.5 1.6) (layer F.SilkS) (width 0.12))
    (fp_circle (center -3.5 -2.5) (end -3.388197 -2.5) (layer F.SilkS) (width 0.15))
    (fp_line (start 4.15 -1.45) (end -4.15 -1.45) (layer F.Fab) (width 0.1))
    (pad S1 thru_hole oval (at -2 -1.92 180) (size 1.2 2.1) (drill oval 0.5 1.6 (offset 0.18 0)) (layers *.Cu *.Mask)
      (net 1 GND))
    (pad A1 thru_hole oval (at -3.25 -0.7 90) (size 0.6 0.8) (drill 0.4) (layers *.Cu *.Mask)
      (net 1 GND))
    (pad A4 thru_hole oval (at -2.3 -0.7 90) (size 0.6 0.8) (drill 0.4) (layers *.Cu *.Mask)
      (net 9 /VUA))
    (pad A5 thru_hole oval (at -1.38 -0.7 90) (size 0.6 0.8) (drill 0.4) (layers *.Cu *.Mask)
      (net 30 "Net-(J20-PadA5)"))
    (pad A6 thru_hole oval (at -0.46 -0.7 90) (size 0.6 0.8) (drill 0.4) (layers *.Cu *.Mask)
      (net 28 /D1+))
    (pad A7 thru_hole oval (at 0.46 -0.7 90) (size 0.6 0.8) (drill 0.4) (layers *.Cu *.Mask)
      (net 27 /D1-))
    (pad A12 thru_hole oval (at 3.25 -0.7 90) (size 0.6 0.8) (drill 0.4) (layers *.Cu *.Mask)
      (net 1 GND))
    (pad A9 thru_hole oval (at 2.28 -0.7 90) (size 0.6 0.8) (drill 0.4) (layers *.Cu *.Mask)
      (net 9 /VUA))
    (pad B1 thru_hole oval (at 3.25 0.7 90) (size 0.6 0.8) (drill 0.4) (layers *.Cu *.Mask)
      (net 1 GND))
    (pad B4 thru_hole oval (at 2.3 0.7 90) (size 0.6 0.8) (drill 0.4) (layers *.Cu *.Mask)
      (net 9 /VUA))
    (pad B5 thru_hole oval (at 1.38 0.7 90) (size 0.6 0.8) (drill 0.4) (layers *.Cu *.Mask)
      (net 29 "Net-(J20-PadB5)"))
    (pad B6 thru_hole oval (at 0.46 0.7 90) (size 0.6 0.8) (drill 0.4) (layers *.Cu *.Mask)
      (net 28 /D1+))
    (pad B7 thru_hole oval (at -0.46 0.7 90) (size 0.6 0.8) (drill 0.4) (layers *.Cu *.Mask)
      (net 27 /D1-))
    (pad B9 thru_hole oval (at -2.3 0.7 90) (size 0.6 0.8) (drill 0.4) (layers *.Cu *.Mask)
      (net 9 /VUA))
    (pad B12 thru_hole oval (at -3.25 0.7 90) (size 0.6 0.8) (drill 0.4) (layers *.Cu *.Mask)
      (net 1 GND))
    (pad S4 thru_hole oval (at -2 1.92 180) (size 1.2 2.1) (drill oval 0.5 1.6 (offset -0.18 0)) (layers *.Cu *.Mask)
      (net 1 GND))
    (pad S2 thru_hole oval (at 2 -1.92 180) (size 1.2 2.1) (drill oval 0.5 1.6 (offset 0.18 0)) (layers *.Cu *.Mask)
      (net 1 GND))
    (pad S3 thru_hole oval (at 2 1.92 180) (size 1.2 2.1) (drill oval 0.5 1.6 (offset -0.18 0)) (layers *.Cu *.Mask)
      (net 1 GND))
    (model ${KISYS3DMOD}/Connector_USB.3dshapes/USB_C_Receptacle_JAE_DX07S024WJ3R400.wrl
      (at (xyz 0 0 0))
      (scale (xyz 1 1 1))
      (rotate (xyz 0 0 0))
    )
  )

  (module kicad_footprint_general:C_0603_1608Metric (layer F.Cu) (tedit 6053FDEC) (tstamp 6321B0EC)
    (at 152.15 115.1)
    (descr "Capacitor SMD 0603 (1608 Metric), square (rectangular) end terminal, IPC_7351 nominal, (Body size source: http://www.tortai-tech.com/upload/download/2011102023233369053.pdf), generated with kicad-footprint-generator")
    (tags capacitor)
    (path /631E1B99)
    (attr smd)
    (fp_text reference C10 (at -2.25 0.15) (layer F.SilkS)
      (effects (font (size 0.5 0.5) (thickness 0.08)))
    )
    (fp_text value 9pF (at 0 1.43) (layer F.Fab)
      (effects (font (size 0.2 0.2) (thickness 0.02)))
    )
    (fp_text user %R (at 0 0) (layer F.Fab)
      (effects (font (size 0.2 0.2) (thickness 0.02)))
    )
    (fp_line (start 1.48 0.73) (end -1.48 0.73) (layer F.CrtYd) (width 0.05))
    (fp_line (start 1.48 -0.73) (end 1.48 0.73) (layer F.CrtYd) (width 0.05))
    (fp_line (start -1.48 -0.73) (end 1.48 -0.73) (layer F.CrtYd) (width 0.05))
    (fp_line (start -1.48 0.73) (end -1.48 -0.73) (layer F.CrtYd) (width 0.05))
    (fp_line (start -0.162779 0.51) (end 0.162779 0.51) (layer F.SilkS) (width 0.12))
    (fp_line (start -0.162779 -0.51) (end 0.162779 -0.51) (layer F.SilkS) (width 0.12))
    (fp_line (start 0.8 0.4) (end -0.8 0.4) (layer F.Fab) (width 0.1))
    (fp_line (start 0.8 -0.4) (end 0.8 0.4) (layer F.Fab) (width 0.1))
    (fp_line (start -0.8 -0.4) (end 0.8 -0.4) (layer F.Fab) (width 0.1))
    (fp_line (start -0.8 0.4) (end -0.8 -0.4) (layer F.Fab) (width 0.1))
    (pad 2 smd roundrect (at 0.7875 0) (size 0.875 0.95) (layers F.Cu F.Paste F.Mask) (roundrect_rratio 0.25)
      (net 1 GND))
    (pad 1 smd roundrect (at -0.7875 0) (size 0.875 0.95) (layers F.Cu F.Paste F.Mask) (roundrect_rratio 0.25)
      (net 117 /Y_N))
    (model ${KISYS3DMOD}/Capacitor_SMD.3dshapes/C_0603_1608Metric.wrl
      (at (xyz 0 0 0))
      (scale (xyz 1 1 1))
      (rotate (xyz 0 0 0))
    )
  )

  (module kicad_footprint_general:C_0603_1608Metric (layer F.Cu) (tedit 6053FDEC) (tstamp 6321B0FD)
    (at 155.7 112.45 270)
    (descr "Capacitor SMD 0603 (1608 Metric), square (rectangular) end terminal, IPC_7351 nominal, (Body size source: http://www.tortai-tech.com/upload/download/2011102023233369053.pdf), generated with kicad-footprint-generator")
    (tags capacitor)
    (path /631E08E6)
    (attr smd)
    (fp_text reference C11 (at 1.95 0.05 180) (layer F.SilkS)
      (effects (font (size 0.5 0.5) (thickness 0.08)))
    )
    (fp_text value 9pF (at 0 1.43 90) (layer F.Fab)
      (effects (font (size 0.2 0.2) (thickness 0.02)))
    )
    (fp_line (start -0.8 0.4) (end -0.8 -0.4) (layer F.Fab) (width 0.1))
    (fp_line (start -0.8 -0.4) (end 0.8 -0.4) (layer F.Fab) (width 0.1))
    (fp_line (start 0.8 -0.4) (end 0.8 0.4) (layer F.Fab) (width 0.1))
    (fp_line (start 0.8 0.4) (end -0.8 0.4) (layer F.Fab) (width 0.1))
    (fp_line (start -0.162779 -0.51) (end 0.162779 -0.51) (layer F.SilkS) (width 0.12))
    (fp_line (start -0.162779 0.51) (end 0.162779 0.51) (layer F.SilkS) (width 0.12))
    (fp_line (start -1.48 0.73) (end -1.48 -0.73) (layer F.CrtYd) (width 0.05))
    (fp_line (start -1.48 -0.73) (end 1.48 -0.73) (layer F.CrtYd) (width 0.05))
    (fp_line (start 1.48 -0.73) (end 1.48 0.73) (layer F.CrtYd) (width 0.05))
    (fp_line (start 1.48 0.73) (end -1.48 0.73) (layer F.CrtYd) (width 0.05))
    (fp_text user %R (at 0 0 90) (layer F.Fab)
      (effects (font (size 0.2 0.2) (thickness 0.02)))
    )
    (pad 1 smd roundrect (at -0.7875 0 270) (size 0.875 0.95) (layers F.Cu F.Paste F.Mask) (roundrect_rratio 0.25)
      (net 118 /Y_P))
    (pad 2 smd roundrect (at 0.7875 0 270) (size 0.875 0.95) (layers F.Cu F.Paste F.Mask) (roundrect_rratio 0.25)
      (net 1 GND))
    (model ${KISYS3DMOD}/Capacitor_SMD.3dshapes/C_0603_1608Metric.wrl
      (at (xyz 0 0 0))
      (scale (xyz 1 1 1))
      (rotate (xyz 0 0 0))
    )
  )

  (module kicad_footprint_general:C_0603_1608Metric (layer F.Cu) (tedit 6053FDEC) (tstamp 6321B10E)
    (at 154.4 109.1 90)
    (descr "Capacitor SMD 0603 (1608 Metric), square (rectangular) end terminal, IPC_7351 nominal, (Body size source: http://www.tortai-tech.com/upload/download/2011102023233369053.pdf), generated with kicad-footprint-generator")
    (tags capacitor)
    (path /63BCE849)
    (attr smd)
    (fp_text reference C12 (at 1.9 0 180) (layer F.SilkS)
      (effects (font (size 0.5 0.5) (thickness 0.08)))
    )
    (fp_text value 100nF (at 0.05 0.1 180) (layer F.Fab)
      (effects (font (size 0.2 0.2) (thickness 0.02)))
    )
    (fp_line (start -0.8 0.4) (end -0.8 -0.4) (layer F.Fab) (width 0.1))
    (fp_line (start -0.8 -0.4) (end 0.8 -0.4) (layer F.Fab) (width 0.1))
    (fp_line (start 0.8 -0.4) (end 0.8 0.4) (layer F.Fab) (width 0.1))
    (fp_line (start 0.8 0.4) (end -0.8 0.4) (layer F.Fab) (width 0.1))
    (fp_line (start -0.162779 -0.51) (end 0.162779 -0.51) (layer F.SilkS) (width 0.12))
    (fp_line (start -0.162779 0.51) (end 0.162779 0.51) (layer F.SilkS) (width 0.12))
    (fp_line (start -1.48 0.73) (end -1.48 -0.73) (layer F.CrtYd) (width 0.05))
    (fp_line (start -1.48 -0.73) (end 1.48 -0.73) (layer F.CrtYd) (width 0.05))
    (fp_line (start 1.48 -0.73) (end 1.48 0.73) (layer F.CrtYd) (width 0.05))
    (fp_line (start 1.48 0.73) (end -1.48 0.73) (layer F.CrtYd) (width 0.05))
    (fp_text user %R (at 0 0 90) (layer F.Fab)
      (effects (font (size 0.2 0.2) (thickness 0.02)))
    )
    (pad 1 smd roundrect (at -0.7875 0 90) (size 0.875 0.95) (layers F.Cu F.Paste F.Mask) (roundrect_rratio 0.25)
      (net 2 "Net-(C12-Pad1)"))
    (pad 2 smd roundrect (at 0.7875 0 90) (size 0.875 0.95) (layers F.Cu F.Paste F.Mask) (roundrect_rratio 0.25)
      (net 1 GND))
    (model ${KISYS3DMOD}/Capacitor_SMD.3dshapes/C_0603_1608Metric.wrl
      (at (xyz 0 0 0))
      (scale (xyz 1 1 1))
      (rotate (xyz 0 0 0))
    )
  )

  (module kicad_footprint_general:C_0603_1608Metric (layer F.Cu) (tedit 6053FDEC) (tstamp 6321B11F)
    (at 151.75 117.65 90)
    (descr "Capacitor SMD 0603 (1608 Metric), square (rectangular) end terminal, IPC_7351 nominal, (Body size source: http://www.tortai-tech.com/upload/download/2011102023233369053.pdf), generated with kicad-footprint-generator")
    (tags capacitor)
    (path /639607B1)
    (attr smd)
    (fp_text reference C13 (at -2.05 0 180) (layer F.SilkS)
      (effects (font (size 0.5 0.5) (thickness 0.08)))
    )
    (fp_text value 100nF (at 0 1.43 90) (layer F.Fab)
      (effects (font (size 0.2 0.2) (thickness 0.02)))
    )
    (fp_line (start -0.8 0.4) (end -0.8 -0.4) (layer F.Fab) (width 0.1))
    (fp_line (start -0.8 -0.4) (end 0.8 -0.4) (layer F.Fab) (width 0.1))
    (fp_line (start 0.8 -0.4) (end 0.8 0.4) (layer F.Fab) (width 0.1))
    (fp_line (start 0.8 0.4) (end -0.8 0.4) (layer F.Fab) (width 0.1))
    (fp_line (start -0.162779 -0.51) (end 0.162779 -0.51) (layer F.SilkS) (width 0.12))
    (fp_line (start -0.162779 0.51) (end 0.162779 0.51) (layer F.SilkS) (width 0.12))
    (fp_line (start -1.48 0.73) (end -1.48 -0.73) (layer F.CrtYd) (width 0.05))
    (fp_line (start -1.48 -0.73) (end 1.48 -0.73) (layer F.CrtYd) (width 0.05))
    (fp_line (start 1.48 -0.73) (end 1.48 0.73) (layer F.CrtYd) (width 0.05))
    (fp_line (start 1.48 0.73) (end -1.48 0.73) (layer F.CrtYd) (width 0.05))
    (fp_text user %R (at 0 0 90) (layer F.Fab)
      (effects (font (size 0.2 0.2) (thickness 0.02)))
    )
    (pad 1 smd roundrect (at -0.7875 0 90) (size 0.875 0.95) (layers F.Cu F.Paste F.Mask) (roundrect_rratio 0.25)
      (net 1 GND))
    (pad 2 smd roundrect (at 0.7875 0 90) (size 0.875 0.95) (layers F.Cu F.Paste F.Mask) (roundrect_rratio 0.25)
      (net 3 "Net-(C13-Pad2)"))
    (model ${KISYS3DMOD}/Capacitor_SMD.3dshapes/C_0603_1608Metric.wrl
      (at (xyz 0 0 0))
      (scale (xyz 1 1 1))
      (rotate (xyz 0 0 0))
    )
  )

  (module kicad_footprint_general:C_0603_1608Metric (layer F.Cu) (tedit 6053FDEC) (tstamp 6321B130)
    (at 153.25 117.65 90)
    (descr "Capacitor SMD 0603 (1608 Metric), square (rectangular) end terminal, IPC_7351 nominal, (Body size source: http://www.tortai-tech.com/upload/download/2011102023233369053.pdf), generated with kicad-footprint-generator")
    (tags capacitor)
    (path /63960537)
    (attr smd)
    (fp_text reference C14 (at -2.0625 0.1 180) (layer F.SilkS)
      (effects (font (size 0.5 0.5) (thickness 0.08)))
    )
    (fp_text value 1uF (at 0 1.43 90) (layer F.Fab)
      (effects (font (size 0.2 0.2) (thickness 0.02)))
    )
    (fp_text user %R (at 0 0 90) (layer F.Fab)
      (effects (font (size 0.2 0.2) (thickness 0.02)))
    )
    (fp_line (start 1.48 0.73) (end -1.48 0.73) (layer F.CrtYd) (width 0.05))
    (fp_line (start 1.48 -0.73) (end 1.48 0.73) (layer F.CrtYd) (width 0.05))
    (fp_line (start -1.48 -0.73) (end 1.48 -0.73) (layer F.CrtYd) (width 0.05))
    (fp_line (start -1.48 0.73) (end -1.48 -0.73) (layer F.CrtYd) (width 0.05))
    (fp_line (start -0.162779 0.51) (end 0.162779 0.51) (layer F.SilkS) (width 0.12))
    (fp_line (start -0.162779 -0.51) (end 0.162779 -0.51) (layer F.SilkS) (width 0.12))
    (fp_line (start 0.8 0.4) (end -0.8 0.4) (layer F.Fab) (width 0.1))
    (fp_line (start 0.8 -0.4) (end 0.8 0.4) (layer F.Fab) (width 0.1))
    (fp_line (start -0.8 -0.4) (end 0.8 -0.4) (layer F.Fab) (width 0.1))
    (fp_line (start -0.8 0.4) (end -0.8 -0.4) (layer F.Fab) (width 0.1))
    (pad 2 smd roundrect (at 0.7875 0 90) (size 0.875 0.95) (layers F.Cu F.Paste F.Mask) (roundrect_rratio 0.25)
      (net 3 "Net-(C13-Pad2)"))
    (pad 1 smd roundrect (at -0.7875 0 90) (size 0.875 0.95) (layers F.Cu F.Paste F.Mask) (roundrect_rratio 0.25)
      (net 1 GND))
    (model ${KISYS3DMOD}/Capacitor_SMD.3dshapes/C_0603_1608Metric.wrl
      (at (xyz 0 0 0))
      (scale (xyz 1 1 1))
      (rotate (xyz 0 0 0))
    )
  )

  (module kicad_footprint_general:C_0805_2012Metric (layer F.Cu) (tedit 6053FE05) (tstamp 6321B141)
    (at 155 117.85 90)
    (descr "Capacitor SMD 0805 (2012 Metric), square (rectangular) end terminal, IPC_7351 nominal, (Body size source: https://docs.google.com/spreadsheets/d/1BsfQQcO9C6DZCsRaXUlFlo91Tg2WpOkGARC1WS5S8t0/edit?usp=sharing), generated with kicad-footprint-generator")
    (tags capacitor)
    (path /6395FDEF)
    (attr smd)
    (fp_text reference C15 (at -2.1 0.05 180) (layer F.SilkS)
      (effects (font (size 0.5 0.5) (thickness 0.08)))
    )
    (fp_text value 10uF (at 0 1.65 90) (layer F.Fab)
      (effects (font (size 0.2 0.2) (thickness 0.02)))
    )
    (fp_line (start -1 0.6) (end -1 -0.6) (layer F.Fab) (width 0.1))
    (fp_line (start -1 -0.6) (end 1 -0.6) (layer F.Fab) (width 0.1))
    (fp_line (start 1 -0.6) (end 1 0.6) (layer F.Fab) (width 0.1))
    (fp_line (start 1 0.6) (end -1 0.6) (layer F.Fab) (width 0.1))
    (fp_line (start -0.258578 -0.71) (end 0.258578 -0.71) (layer F.SilkS) (width 0.12))
    (fp_line (start -0.258578 0.71) (end 0.258578 0.71) (layer F.SilkS) (width 0.12))
    (fp_line (start -1.68 0.95) (end -1.68 -0.95) (layer F.CrtYd) (width 0.05))
    (fp_line (start -1.68 -0.95) (end 1.68 -0.95) (layer F.CrtYd) (width 0.05))
    (fp_line (start 1.68 -0.95) (end 1.68 0.95) (layer F.CrtYd) (width 0.05))
    (fp_line (start 1.68 0.95) (end -1.68 0.95) (layer F.CrtYd) (width 0.05))
    (fp_text user %R (at 0 0 90) (layer F.Fab)
      (effects (font (size 0.2 0.2) (thickness 0.02)))
    )
    (pad 1 smd roundrect (at -0.9375 0 90) (size 0.975 1.4) (layers F.Cu F.Paste F.Mask) (roundrect_rratio 0.25)
      (net 1 GND))
    (pad 2 smd roundrect (at 0.9375 0 90) (size 0.975 1.4) (layers F.Cu F.Paste F.Mask) (roundrect_rratio 0.25)
      (net 3 "Net-(C13-Pad2)"))
    (model ${KISYS3DMOD}/Capacitor_SMD.3dshapes/C_0805_2012Metric.wrl
      (at (xyz 0 0 0))
      (scale (xyz 1 1 1))
      (rotate (xyz 0 0 0))
    )
  )

  (module kicad_footprint_general:C_0603_1608Metric (layer F.Cu) (tedit 6053FDEC) (tstamp 6321B152)
    (at 146.15 119.65)
    (descr "Capacitor SMD 0603 (1608 Metric), square (rectangular) end terminal, IPC_7351 nominal, (Body size source: http://www.tortai-tech.com/upload/download/2011102023233369053.pdf), generated with kicad-footprint-generator")
    (tags capacitor)
    (path /63A273E5)
    (attr smd)
    (fp_text reference C16 (at 2.25 0) (layer F.SilkS)
      (effects (font (size 0.5 0.5) (thickness 0.08)))
    )
    (fp_text value 4.7uF (at 0 1.43) (layer F.Fab)
      (effects (font (size 0.2 0.2) (thickness 0.02)))
    )
    (fp_line (start -0.8 0.4) (end -0.8 -0.4) (layer F.Fab) (width 0.1))
    (fp_line (start -0.8 -0.4) (end 0.8 -0.4) (layer F.Fab) (width 0.1))
    (fp_line (start 0.8 -0.4) (end 0.8 0.4) (layer F.Fab) (width 0.1))
    (fp_line (start 0.8 0.4) (end -0.8 0.4) (layer F.Fab) (width 0.1))
    (fp_line (start -0.162779 -0.51) (end 0.162779 -0.51) (layer F.SilkS) (width 0.12))
    (fp_line (start -0.162779 0.51) (end 0.162779 0.51) (layer F.SilkS) (width 0.12))
    (fp_line (start -1.48 0.73) (end -1.48 -0.73) (layer F.CrtYd) (width 0.05))
    (fp_line (start -1.48 -0.73) (end 1.48 -0.73) (layer F.CrtYd) (width 0.05))
    (fp_line (start 1.48 -0.73) (end 1.48 0.73) (layer F.CrtYd) (width 0.05))
    (fp_line (start 1.48 0.73) (end -1.48 0.73) (layer F.CrtYd) (width 0.05))
    (fp_text user %R (at 0 0) (layer F.Fab)
      (effects (font (size 0.2 0.2) (thickness 0.02)))
    )
    (pad 1 smd roundrect (at -0.7875 0) (size 0.875 0.95) (layers F.Cu F.Paste F.Mask) (roundrect_rratio 0.25)
      (net 1 GND))
    (pad 2 smd roundrect (at 0.7875 0) (size 0.875 0.95) (layers F.Cu F.Paste F.Mask) (roundrect_rratio 0.25)
      (net 4 VCC))
    (model ${KISYS3DMOD}/Capacitor_SMD.3dshapes/C_0603_1608Metric.wrl
      (at (xyz 0 0 0))
      (scale (xyz 1 1 1))
      (rotate (xyz 0 0 0))
    )
  )

  (module kicad_footprint_general:C_0603_1608Metric (layer F.Cu) (tedit 6053FDEC) (tstamp 6321B163)
    (at 146.15 121.15)
    (descr "Capacitor SMD 0603 (1608 Metric), square (rectangular) end terminal, IPC_7351 nominal, (Body size source: http://www.tortai-tech.com/upload/download/2011102023233369053.pdf), generated with kicad-footprint-generator")
    (tags capacitor)
    (path /63A26F6B)
    (attr smd)
    (fp_text reference C17 (at 2.25 0.1) (layer F.SilkS)
      (effects (font (size 0.5 0.5) (thickness 0.08)))
    )
    (fp_text value 100nF (at 0 1.43) (layer F.Fab)
      (effects (font (size 0.2 0.2) (thickness 0.02)))
    )
    (fp_text user %R (at -1.05 -1.25) (layer F.Fab)
      (effects (font (size 0.2 0.2) (thickness 0.02)))
    )
    (fp_line (start 1.48 0.73) (end -1.48 0.73) (layer F.CrtYd) (width 0.05))
    (fp_line (start 1.48 -0.73) (end 1.48 0.73) (layer F.CrtYd) (width 0.05))
    (fp_line (start -1.48 -0.73) (end 1.48 -0.73) (layer F.CrtYd) (width 0.05))
    (fp_line (start -1.48 0.73) (end -1.48 -0.73) (layer F.CrtYd) (width 0.05))
    (fp_line (start -0.162779 0.51) (end 0.162779 0.51) (layer F.SilkS) (width 0.12))
    (fp_line (start -0.162779 -0.51) (end 0.162779 -0.51) (layer F.SilkS) (width 0.12))
    (fp_line (start 0.8 0.4) (end -0.8 0.4) (layer F.Fab) (width 0.1))
    (fp_line (start 0.8 -0.4) (end 0.8 0.4) (layer F.Fab) (width 0.1))
    (fp_line (start -0.8 -0.4) (end 0.8 -0.4) (layer F.Fab) (width 0.1))
    (fp_line (start -0.8 0.4) (end -0.8 -0.4) (layer F.Fab) (width 0.1))
    (pad 2 smd roundrect (at 0.7875 0) (size 0.875 0.95) (layers F.Cu F.Paste F.Mask) (roundrect_rratio 0.25)
      (net 4 VCC))
    (pad 1 smd roundrect (at -0.7875 0) (size 0.875 0.95) (layers F.Cu F.Paste F.Mask) (roundrect_rratio 0.25)
      (net 1 GND))
    (model ${KISYS3DMOD}/Capacitor_SMD.3dshapes/C_0603_1608Metric.wrl
      (at (xyz 0 0 0))
      (scale (xyz 1 1 1))
      (rotate (xyz 0 0 0))
    )
  )

  (module kicad_footprint_general:C_0603_1608Metric (layer F.Cu) (tedit 6053FDEC) (tstamp 6321B174)
    (at 138 101.45)
    (descr "Capacitor SMD 0603 (1608 Metric), square (rectangular) end terminal, IPC_7351 nominal, (Body size source: http://www.tortai-tech.com/upload/download/2011102023233369053.pdf), generated with kicad-footprint-generator")
    (tags capacitor)
    (path /63AE8351)
    (attr smd)
    (fp_text reference C18 (at -2.25 0.05) (layer F.SilkS)
      (effects (font (size 0.5 0.5) (thickness 0.08)))
    )
    (fp_text value 4.7uF (at 0 0.3) (layer F.Fab)
      (effects (font (size 0.2 0.2) (thickness 0.02)))
    )
    (fp_line (start -0.8 0.4) (end -0.8 -0.4) (layer F.Fab) (width 0.1))
    (fp_line (start -0.8 -0.4) (end 0.8 -0.4) (layer F.Fab) (width 0.1))
    (fp_line (start 0.8 -0.4) (end 0.8 0.4) (layer F.Fab) (width 0.1))
    (fp_line (start 0.8 0.4) (end -0.8 0.4) (layer F.Fab) (width 0.1))
    (fp_line (start -0.162779 -0.51) (end 0.162779 -0.51) (layer F.SilkS) (width 0.12))
    (fp_line (start -0.162779 0.51) (end 0.162779 0.51) (layer F.SilkS) (width 0.12))
    (fp_line (start -1.48 0.73) (end -1.48 -0.73) (layer F.CrtYd) (width 0.05))
    (fp_line (start -1.48 -0.73) (end 1.48 -0.73) (layer F.CrtYd) (width 0.05))
    (fp_line (start 1.48 -0.73) (end 1.48 0.73) (layer F.CrtYd) (width 0.05))
    (fp_line (start 1.48 0.73) (end -1.48 0.73) (layer F.CrtYd) (width 0.05))
    (fp_text user %R (at 0 0) (layer F.Fab)
      (effects (font (size 0.2 0.2) (thickness 0.02)))
    )
    (pad 1 smd roundrect (at -0.7875 0) (size 0.875 0.95) (layers F.Cu F.Paste F.Mask) (roundrect_rratio 0.25)
      (net 4 VCC))
    (pad 2 smd roundrect (at 0.7875 0) (size 0.875 0.95) (layers F.Cu F.Paste F.Mask) (roundrect_rratio 0.25)
      (net 1 GND))
    (model ${KISYS3DMOD}/Capacitor_SMD.3dshapes/C_0603_1608Metric.wrl
      (at (xyz 0 0 0))
      (scale (xyz 1 1 1))
      (rotate (xyz 0 0 0))
    )
  )

  (module kicad_footprint_general:C_0603_1608Metric (layer F.Cu) (tedit 6053FDEC) (tstamp 6321B185)
    (at 138 99.8)
    (descr "Capacitor SMD 0603 (1608 Metric), square (rectangular) end terminal, IPC_7351 nominal, (Body size source: http://www.tortai-tech.com/upload/download/2011102023233369053.pdf), generated with kicad-footprint-generator")
    (tags capacitor)
    (path /63AE8815)
    (attr smd)
    (fp_text reference C19 (at -2.25 0) (layer F.SilkS)
      (effects (font (size 0.5 0.5) (thickness 0.08)))
    )
    (fp_text value 100nF (at 0.1 0.3) (layer F.Fab)
      (effects (font (size 0.2 0.2) (thickness 0.02)))
    )
    (fp_text user %R (at 0 0) (layer F.Fab)
      (effects (font (size 0.2 0.2) (thickness 0.02)))
    )
    (fp_line (start 1.48 0.73) (end -1.48 0.73) (layer F.CrtYd) (width 0.05))
    (fp_line (start 1.48 -0.73) (end 1.48 0.73) (layer F.CrtYd) (width 0.05))
    (fp_line (start -1.48 -0.73) (end 1.48 -0.73) (layer F.CrtYd) (width 0.05))
    (fp_line (start -1.48 0.73) (end -1.48 -0.73) (layer F.CrtYd) (width 0.05))
    (fp_line (start -0.162779 0.51) (end 0.162779 0.51) (layer F.SilkS) (width 0.12))
    (fp_line (start -0.162779 -0.51) (end 0.162779 -0.51) (layer F.SilkS) (width 0.12))
    (fp_line (start 0.8 0.4) (end -0.8 0.4) (layer F.Fab) (width 0.1))
    (fp_line (start 0.8 -0.4) (end 0.8 0.4) (layer F.Fab) (width 0.1))
    (fp_line (start -0.8 -0.4) (end 0.8 -0.4) (layer F.Fab) (width 0.1))
    (fp_line (start -0.8 0.4) (end -0.8 -0.4) (layer F.Fab) (width 0.1))
    (pad 2 smd roundrect (at 0.7875 0) (size 0.875 0.95) (layers F.Cu F.Paste F.Mask) (roundrect_rratio 0.25)
      (net 1 GND))
    (pad 1 smd roundrect (at -0.7875 0) (size 0.875 0.95) (layers F.Cu F.Paste F.Mask) (roundrect_rratio 0.25)
      (net 4 VCC))
    (model ${KISYS3DMOD}/Capacitor_SMD.3dshapes/C_0603_1608Metric.wrl
      (at (xyz 0 0 0))
      (scale (xyz 1 1 1))
      (rotate (xyz 0 0 0))
    )
  )

  (module kicad_footprint_general:CP_Elec_6.3x5.4 (layer F.Cu) (tedit 6053FDC4) (tstamp 6321B1AD)
    (at 127.254 86.36 270)
    (descr "SMD capacitor, aluminum electrolytic, Panasonic C55, 6.3x5.4mm")
    (tags "capacitor electrolytic")
    (path /63360030)
    (attr smd)
    (fp_text reference C20 (at 4.318 -2.54 180) (layer F.SilkS)
      (effects (font (size 0.5 0.5) (thickness 0.08)))
    )
    (fp_text value 220uF (at 0 4.35 90) (layer F.Fab)
      (effects (font (size 0.2 0.2) (thickness 0.02)))
    )
    (fp_circle (center 0 0) (end 3.15 0) (layer F.Fab) (width 0.1))
    (fp_line (start 3.3 -3.3) (end 3.3 3.3) (layer F.Fab) (width 0.1))
    (fp_line (start -2.3 -3.3) (end 3.3 -3.3) (layer F.Fab) (width 0.1))
    (fp_line (start -2.3 3.3) (end 3.3 3.3) (layer F.Fab) (width 0.1))
    (fp_line (start -3.3 -2.3) (end -3.3 2.3) (layer F.Fab) (width 0.1))
    (fp_line (start -3.3 -2.3) (end -2.3 -3.3) (layer F.Fab) (width 0.1))
    (fp_line (start -3.3 2.3) (end -2.3 3.3) (layer F.Fab) (width 0.1))
    (fp_line (start -2.704838 -1.33) (end -2.074838 -1.33) (layer F.Fab) (width 0.1))
    (fp_line (start -2.389838 -1.645) (end -2.389838 -1.015) (layer F.Fab) (width 0.1))
    (fp_line (start 3.41 3.41) (end 3.41 1.06) (layer F.SilkS) (width 0.12))
    (fp_line (start 3.41 -3.41) (end 3.41 -1.06) (layer F.SilkS) (width 0.12))
    (fp_line (start -2.345563 -3.41) (end 3.41 -3.41) (layer F.SilkS) (width 0.12))
    (fp_line (start -2.345563 3.41) (end 3.41 3.41) (layer F.SilkS) (width 0.12))
    (fp_line (start -3.41 2.345563) (end -3.41 1.06) (layer F.SilkS) (width 0.12))
    (fp_line (start -3.41 -2.345563) (end -3.41 -1.06) (layer F.SilkS) (width 0.12))
    (fp_line (start -3.41 -2.345563) (end -2.345563 -3.41) (layer F.SilkS) (width 0.12))
    (fp_line (start -3.41 2.345563) (end -2.345563 3.41) (layer F.SilkS) (width 0.12))
    (fp_line (start -4.4375 -1.8475) (end -3.65 -1.8475) (layer F.SilkS) (width 0.12))
    (fp_line (start -4.04375 -2.24125) (end -4.04375 -1.45375) (layer F.SilkS) (width 0.12))
    (fp_line (start 3.55 -3.55) (end 3.55 -1.05) (layer F.CrtYd) (width 0.05))
